256
PROCESS0001 1454 0 150 143 10 23
PROCESS0002 1183 0 288 68 18 114
PROCESS0003 1731 0 102 140 22 79
PROCESS0004 1444 10 478 170 12 73
PROCESS0005 1776 0 198 133 51 56
PROCESS0006 107 10 414 103 49 86
PROCESS0007 698 51 275 74 16 55
PROCESS0008 527 13 471 139 73 59
PROCESS0009 1804 57 61 79 55 106
PROCESS0010 1623 8 113 120 63 96
PROCESS0011 2039 50 425 104 58 15
PROCESS0012 875 41 266 47 107 37
PROCESS0013 503 20 469 135 88 19
PROCESS0014 1920 114 204 160 103 87
PROCESS0015 464 6 273 137 16 41
PROCESS0016 1740 86 69 79 151 10
PROCESS0017 376 56 176 91 59 43
PROCESS0018 1762 100 86 59 44 55
PROCESS0019 1483 101 377 170 183 70
PROCESS0020 1114 40 127 88 162 58
PROCESS0021 1111 34 403 107 178 53
PROCESS0022 2044 160 261 91 182 18
PROCESS0023 1919 183 462 175 187 17
PROCESS0024 39 87 127 35 178 49
PROCESS0025 1549 25 129 32 120 111
PROCESS0026 1495 25 87 35 173 76
PROCESS0027 432 83 186 154 128 115
PROCESS0028 1494 162 113 125 105 105
PROCESS0029 1763 112 319 176 250 76
PROCESS0030 431 39 141 130 17 69
PROCESS0031 869 77 376 183 209 37
PROCESS0032 1486 192 396 161 179 33
PROCESS0033 1049 71 212 160 86 84
PROCESS0034 1010 141 184 45 173 44
PROCESS0035 1163 258 432 170 334 113
PROCESS0036 1136 83 452 113 110 120
PROCESS0037 541 99 334 49 148 89
PROCESS0038 276 187 493 69 191 36
PROCESS0039 1067 81 303 178 168 56
PROCESS0040 1140 180 336 126 193 94
PROCESS0041 576 126 396 122 214 105
PROCESS0042 1574 47 129 152 138 89
PROCESS0043 798 185 242 75 164 104
PROCESS0044 582 189 249 122 317 83
PROCESS0045 341 96 210 146 384 12
PROCESS0046 63 276 379 74 39 102
PROCESS0047 683 376 360 147 137 43
PROCESS0048 1106 334 483 73 300 13
PROCESS0049 428 275 361 86 448 103
PROCESS0050 1913 344 437 96 430 16
PROCESS0051 255 73 258 137 155 26
PROCESS0052 270 337 250 158 453 62
PROCESS0053 1075 301 320 58 409 109
PROCESS0054 765 143 187 175 458 41
PROCESS0055 200 366 178 196 13 73
PROCESS0056 195 472 449 126 457 41
PROCESS0057 1663 81 230 93 260 63
PROCESS0058 326 17 130 194 322 52
PROCESS0059 1736 336 262 85 36 90
PROCESS0060 1867 491 245 129 467 81
PROCESS0061 1074 474 305 128 561 32
PROCESS0062 1391 370 223 136 473 63
PROCESS0063 1855 475 262 119 117 38
PROCESS0064 159 20 351 66 328 35
PROCESS0065 1367 477 211 143 611 19
PROCESS0066 41 233 256 53 259 43
PROCESS0067 234 184 490 40 250 61
PROCESS0068 1168 420 151 182 182 74
PROCESS0069 2037 482 352 180 351 54
PROCESS0070 1514 477 51 174 140 73
PROCESS0071 1856 324 467 193 146 10
PROCESS0072 395 685 119 64 215 20
PROCESS0073 1922 713 314 130 317 60
PROCESS0074 1235 329 493 135 99 50
PROCESS0075 1332 260 248 31 173 14
PROCESS0076 1628 292 364 126 52 19
PROCESS0077 316 59 353 117 227 64
PROCESS0078 1929 70 478 181 135 106
PROCESS0079 1436 335 331 159 160 35
PROCESS0080 16 520 246 111 584 50
PROCESS0081 1891 452 238 147 50 43
PROCESS0082 103 601 128 70 706 22
PROCESS0083 695 601 194 96 550 58
PROCESS0084 194 464 222 31 174 100
PROCESS0085 706 275 222 111 770 36
PROCESS0086 163 59 115 127 637 29
PROCESS0087 665 482 377 68 78 119
PROCESS0088 1043 406 461 165 42 36
PROCESS0089 1569 160 78 145 113 103
PROCESS0090 109 487 288 153 782 63
PROCESS0091 49 666 416 168 140 94
PROCESS0092 1536 644 435 118 776 58
PROCESS0093 493 764 92 177 921 97
PROCESS0094 1709 650 398 195 66 25
PROCESS0095 577 436 339 195 541 57
PROCESS0096 306 526 348 76 654 111
PROCESS0097 179 482 404 30 583 27
PROCESS0098 1981 233 441 117 847 33
PROCESS0099 604 288 236 130 188 47
PROCESS0100 1243 741 211 31 194 29
PROCESS0101 1104 899 323 86 651 118
PROCESS0102 1410 595 315 83 440 103
PROCESS0103 999 767 64 132 41 94
PROCESS0104 478 434 311 30 404 25
PROCESS0105 1376 921 245 146 691 28
PROCESS0106 320 601 196 98 727 10
PROCESS0107 902 405 411 80 991 44
PROCESS0108 1054 400 282 153 953 17
PROCESS0109 719 611 433 187 703 104
PROCESS0110 1346 117 392 170 1048 30
PROCESS0111 1805 226 140 69 494 34
PROCESS0112 1249 378 246 93 590 82
PROCESS0113 386 669 60 131 677 61
PROCESS0114 815 626 95 180 1068 93
PROCESS0115 216 658 472 33 290 98
PROCESS0116 701 118 419 123 111 109
PROCESS0117 2038 1003 385 35 60 22
PROCESS0118 1231 234 150 164 91 70
PROCESS0119 412 613 456 99 1126 56
PROCESS0120 1222 945 427 79 794 111
PROCESS0121 1980 376 200 112 731 16
PROCESS0122 1986 1117 102 162 992 68
PROCESS0123 1538 133 304 186 760 23
PROCESS0124 959 143 465 57 28 16
PROCESS0125 510 333 259 139 1197 57
PROCESS0126 519 750 238 51 290 75
PROCESS0127 1368 329 310 191 891 29
PROCESS0128 1545 231 320 124 667 11
PROCESS0129 2007 80 274 184 196 49
PROCESS0130 239 1206 268 199 574 20
PROCESS0131 1916 222 418 51 1048 18
PROCESS0132 783 505 91 160 139 89
PROCESS0133 1023 14 478 110 162 111
PROCESS0134 1299 266 473 62 378 44
PROCESS0135 2035 1127 254 115 989 12
PROCESS0136 9 616 162 172 1009 111
PROCESS0137 969 646 370 113 1085 21
PROCESS0138 1117 150 55 172 1261 58
PROCESS0139 676 1177 489 65 58 82
PROCESS0140 1938 286 433 193 902 38
PROCESS0141 1046 1099 193 180 48 84
PROCESS0142 1424 801 51 34 714 105
PROCESS0143 1511 613 385 161 1195 51
PROCESS0144 434 157 444 61 580 86
PROCESS0145 1519 1136 109 173 211 81
PROCESS0146 1433 942 198 94 553 87
PROCESS0147 1102 1137 335 32 161 12
PROCESS0148 1202 510 477 102 484 76
PROCESS0149 1375 1374 63 106 818 53
PROCESS0150 95 135 75 44 744 21
PROCESS0151 1941 476 111 77 1191 77
PROCESS0152 1571 780 106 115 1021 96
PROCESS0153 118 259 443 102 1279 30
PROCESS0154 1892 70 151 32 1539 12
PROCESS0155 619 1213 334 189 79 106
PROCESS0156 625 921 353 116 1446 11
PROCESS0157 583 1298 71 36 128 87
PROCESS0158 1849 1435 440 78 190 55
PROCESS0159 1936 228 232 170 489 95
PROCESS0160 1160 457 91 158 1075 101
PROCESS0161 646 540 200 36 182 68
PROCESS0162 1205 839 461 36 588 58
PROCESS0163 485 724 359 178 498 72
PROCESS0164 477 944 150 146 304 96
PROCESS0165 812 1175 137 52 957 42
PROCESS0166 1207 1195 403 141 1452 12
PROCESS0167 68 1648 233 121 710 40
PROCESS0168 785 1067 382 177 853 48
PROCESS0169 1014 90 397 44 1354 52
PROCESS0170 735 1629 154 46 1279 42
PROCESS0171 1732 1410 407 88 161 70
PROCESS0172 813 1152 95 144 783 58
PROCESS0173 660 1542 268 55 224 20
PROCESS0174 1595 470 262 97 265 75
PROCESS0175 116 395 105 57 909 68
PROCESS0176 1583 1483 164 111 1513 39
PROCESS0177 1439 1661 161 87 27 109
PROCESS0178 65 247 150 31 1018 86
PROCESS0179 1091 35 138 198 1715 11
PROCESS0180 13 368 105 104 629 70
PROCESS0181 1480 880 442 127 1442 70
PROCESS0182 1003 1376 240 75 648 51
PROCESS0183 310 1459 82 56 238 111
PROCESS0184 429 648 480 167 140 32
PROCESS0185 1735 932 379 176 1605 12
PROCESS0186 1122 833 67 154 1858 57
PROCESS0187 627 977 210 38 1799 97
PROCESS0188 539 1409 309 118 749 50
PROCESS0189 333 1578 273 120 618 115
PROCESS0190 1614 14 396 106 1292 101
PROCESS0191 1364 1466 490 139 1360 105
PROCESS0192 425 1673 481 172 1671 45
PROCESS0193 522 1307 193 97 1436 61
PROCESS0194 517 1161 228 114 689 62
PROCESS0195 1312 325 69 150 924 54
PROCESS0196 28 765 366 184 397 95
PROCESS0197 106 744 485 126 1668 71
PROCESS0198 1764 1467 395 63 1524 46
PROCESS0199 1565 956 201 105 1502 115
PROCESS0200 6 1189 268 92 661 104
PROCESS0201 895 390 118 145 1201 60
PROCESS0202 1881 1688 116 158 139 111
PROCESS0203 992 315 212 153 656 61
PROCESS0204 859 1878 278 194 744 112
PROCESS0205 657 164 436 37 140 85
PROCESS0206 1874 1802 92 189 1166 108
PROCESS0207 1573 232 186 115 560 21
PROCESS0208 894 1534 304 149 836 100
PROCESS0209 1725 715 328 79 483 42
PROCESS0210 155 1045 392 131 1223 51
PROCESS0211 1397 654 363 127 1127 55
PROCESS0212 1362 21 491 123 1524 41
PROCESS0213 1404 90 94 47 1454 109
PROCESS0214 438 63 174 154 498 94
PROCESS0215 1061 1446 427 101 596 103
PROCESS0216 1836 1353 186 174 1188 89
PROCESS0217 1247 831 425 90 811 58
PROCESS0218 1286 559 293 57 1147 33
PROCESS0219 201 2 371 108 938 52
PROCESS0220 497 1686 164 46 2086 88
PROCESS0221 687 1044 262 97 27 35
PROCESS0222 1481 1856 54 193 1598 51
PROCESS0223 1590 141 98 173 691 52
PROCESS0224 347 2179 74 108 1092 80
PROCESS0225 598 1245 362 142 1682 13
PROCESS0226 2004 1555 238 175 1423 119
PROCESS0227 1337 486 134 160 1814 18
PROCESS0228 199 1177 466 127 230 31
PROCESS0229 1305 1710 407 119 1013 56
PROCESS0230 1852 60 345 92 662 80
PROCESS0231 408 1652 335 77 601 29
PROCESS0232 56 1517 395 30 1047 79
PROCESS0233 400 184 341 127 224 81
PROCESS0234 1225 336 184 46 1835 109
PROCESS0235 1215 603 323 178 1963 21
PROCESS0236 804 1933 73 172 55 73
PROCESS0237 1651 998 59 119 912 89
PROCESS0238 1746 22 215 117 710 60
PROCESS0239 301 1896 117 81 1291 34
PROCESS0240 679 527 467 39 1228 12
PROCESS0241 154 778 436 118 875 28
PROCESS0242 1675 8 238 66 1068 27
PROCESS0243 1958 1903 107 58 1991 103
PROCESS0244 986 641 52 129 2160 59
PROCESS0245 763 1932 363 129 1212 93
PROCESS0246 686 872 176 80 83 21
PROCESS0247 11 1351 285 87 1654 21
PROCESS0248 601 1218 89 54 830 113
PROCESS0249 62 540 392 65 2070 118
PROCESS0250 607 278 162 158 2264 37
PROCESS0251 800 768 228 77 1816 80
PROCESS0252 217 2158 369 94 1137 23
PROCESS0253 690 2207 261 132 421 100
PROCESS0254 1771 2121 400 200 2308 32
PROCESS0255 1979 1089 438 180 2138 68
PROCESS0256 818 18 146 98 2381 19
